8.060000000000000497e-01 8.810000000000000053e-01 1.700000000000000122e-01
8.159999999999999476e-01 8.860000000000000098e-01 1.660000000000000087e-01
8.120000000000000551e-01 8.840000000000000080e-01 1.670000000000000095e-01
8.120000000000000551e-01 8.830000000000000071e-01 1.670000000000000095e-01
8.159999999999999476e-01 8.860000000000000098e-01 1.660000000000000087e-01
8.169999999999999485e-01 8.880000000000000115e-01 1.650000000000000078e-01
8.100000000000000533e-01 8.850000000000000089e-01 1.680000000000000104e-01
8.139999999999999458e-01 8.840000000000000080e-01 1.670000000000000095e-01
8.020000000000000462e-01 8.790000000000000036e-01 1.710000000000000131e-01
8.090000000000000524e-01 8.830000000000000071e-01 1.680000000000000104e-01
