6.460000000000000187e-01 7.419999999999999929e-01 2.270000000000000073e-01
6.560000000000000275e-01 7.670000000000000151e-01 2.200000000000000011e-01
6.640000000000000346e-01 7.650000000000000133e-01 2.159999999999999976e-01
6.570000000000000284e-01 7.720000000000000195e-01 2.119999999999999940e-01
7.149999999999999689e-01 8.000000000000000444e-01 2.020000000000000129e-01
6.590000000000000302e-01 7.409999999999999920e-01 2.200000000000000011e-01
6.730000000000000426e-01 7.750000000000000222e-01 2.059999999999999887e-01
6.500000000000000222e-01 7.500000000000000000e-01 2.190000000000000002e-01
7.039999999999999591e-01 8.149999999999999467e-01 1.990000000000000102e-01
6.820000000000000506e-01 7.860000000000000320e-01 2.099999999999999922e-01
