9.180000000000000382e-01 9.579999999999999627e-01 1.039999999999999952e-01
9.340000000000000524e-01 9.709999999999999742e-01 9.700000000000000289e-02
9.000000000000000222e-01 9.290000000000000480e-01 1.239999999999999991e-01
9.340000000000000524e-01 9.599999999999999645e-01 1.010000000000000064e-01
9.250000000000000444e-01 9.559999999999999609e-01 1.059999999999999970e-01
9.250000000000000444e-01 9.529999999999999583e-01 1.049999999999999961e-01
9.360000000000000542e-01 9.689999999999999725e-01 9.099999999999999756e-02
8.679999999999999938e-01 8.980000000000000204e-01 1.429999999999999882e-01
9.150000000000000355e-01 9.499999999999999556e-01 1.150000000000000050e-01
8.970000000000000195e-01 9.419999999999999485e-01 1.280000000000000027e-01
