7.439999999999999947e-01 8.080000000000000515e-01 2.059999999999999887e-01
6.810000000000000497e-01 8.080000000000000515e-01 2.139999999999999958e-01
7.099999999999999645e-01 8.169999999999999485e-01 2.210000000000000020e-01
7.329999999999999849e-01 8.459999999999999742e-01 2.300000000000000100e-01
7.129999999999999671e-01 8.050000000000000488e-01 2.210000000000000020e-01
7.229999999999999760e-01 7.379999999999999893e-01 2.270000000000000073e-01
7.620000000000000107e-01 8.770000000000000018e-01 1.789999999999999925e-01
6.370000000000000107e-01 7.239999999999999769e-01 2.510000000000000009e-01
7.079999999999999627e-01 8.469999999999999751e-01 1.920000000000000040e-01
7.900000000000000355e-01 8.760000000000000009e-01 1.839999999999999969e-01
