6.670000000000000373e-01 7.459999999999999964e-01 2.379999999999999893e-01
6.490000000000000213e-01 7.570000000000000062e-01 2.459999999999999964e-01
6.790000000000000480e-01 7.820000000000000284e-01 2.270000000000000073e-01
6.700000000000000400e-01 7.850000000000000311e-01 2.260000000000000064e-01
6.939999999999999503e-01 7.760000000000000231e-01 2.200000000000000011e-01
6.540000000000000258e-01 7.479999999999999982e-01 2.409999999999999920e-01
7.019999999999999574e-01 8.000000000000000444e-01 2.119999999999999940e-01
6.640000000000000346e-01 7.700000000000000178e-01 2.340000000000000135e-01
7.019999999999999574e-01 8.139999999999999458e-01 2.139999999999999958e-01
6.720000000000000417e-01 7.870000000000000329e-01 2.330000000000000127e-01
