6.320000000000000062e-01 7.229999999999999760e-01 2.409999999999999920e-01
6.340000000000000080e-01 7.379999999999999893e-01 2.379999999999999893e-01
6.860000000000000542e-01 7.920000000000000373e-01 2.159999999999999976e-01
6.640000000000000346e-01 7.820000000000000284e-01 2.159999999999999976e-01
7.289999999999999813e-01 8.100000000000000533e-01 1.980000000000000093e-01
6.590000000000000302e-01 7.620000000000000107e-01 2.270000000000000073e-01
6.939999999999999503e-01 8.060000000000000497e-01 2.039999999999999869e-01
6.540000000000000258e-01 7.600000000000000089e-01 2.260000000000000064e-01
7.119999999999999662e-01 8.209999999999999520e-01 2.000000000000000111e-01
6.790000000000000480e-01 8.010000000000000453e-01 2.179999999999999993e-01
