6.750000000000000444e-01 7.540000000000000036e-01 2.369999999999999885e-01
6.470000000000000195e-01 7.820000000000000284e-01 2.260000000000000064e-01
6.540000000000000258e-01 7.550000000000000044e-01 2.379999999999999893e-01
6.750000000000000444e-01 7.890000000000000346e-01 2.359999999999999876e-01
6.310000000000000053e-01 7.369999999999999885e-01 2.540000000000000036e-01
6.909999999999999476e-01 7.359999999999999876e-01 2.379999999999999893e-01
6.590000000000000302e-01 8.129999999999999449e-01 2.379999999999999893e-01
6.169999999999999929e-01 7.139999999999999680e-01 2.610000000000000098e-01
6.450000000000000178e-01 8.040000000000000480e-01 2.139999999999999958e-01
6.919999999999999485e-01 8.060000000000000497e-01 2.220000000000000029e-01
