8.990000000000000213e-01 9.419999999999999485e-01 1.209999999999999964e-01
9.010000000000000231e-01 9.439999999999999503e-01 1.199999999999999956e-01
9.030000000000000249e-01 9.469999999999999529e-01 1.189999999999999947e-01
8.950000000000000178e-01 9.409999999999999476e-01 1.239999999999999991e-01
8.970000000000000195e-01 9.399999999999999467e-01 1.219999999999999973e-01
9.000000000000000222e-01 9.439999999999999503e-01 1.209999999999999964e-01
8.990000000000000213e-01 9.419999999999999485e-01 1.209999999999999964e-01
9.000000000000000222e-01 9.429999999999999494e-01 1.199999999999999956e-01
9.040000000000000258e-01 9.459999999999999520e-01 1.179999999999999938e-01
9.000000000000000222e-01 9.439999999999999503e-01 1.219999999999999973e-01
