6.879999999999999449e-01 7.800000000000000266e-01 2.230000000000000038e-01
6.720000000000000417e-01 8.060000000000000497e-01 2.099999999999999922e-01
7.139999999999999680e-01 8.070000000000000506e-01 2.059999999999999887e-01
7.740000000000000213e-01 8.679999999999999938e-01 1.890000000000000013e-01
6.969999999999999529e-01 7.920000000000000373e-01 2.129999999999999949e-01
7.479999999999999982e-01 7.880000000000000338e-01 2.030000000000000138e-01
7.099999999999999645e-01 8.399999999999999689e-01 1.930000000000000049e-01
6.520000000000000240e-01 7.339999999999999858e-01 2.290000000000000091e-01
7.229999999999999760e-01 8.649999999999999911e-01 1.819999999999999951e-01
7.670000000000000151e-01 8.589999999999999858e-01 1.849999999999999978e-01
