9.519999999999999574e-01 9.739999999999999769e-01 8.100000000000000255e-02
9.529999999999999583e-01 9.739999999999999769e-01 8.000000000000000167e-02
9.529999999999999583e-01 9.739999999999999769e-01 8.100000000000000255e-02
9.489999999999999547e-01 9.719999999999999751e-01 8.400000000000000522e-02
9.519999999999999574e-01 9.729999999999999760e-01 8.200000000000000344e-02
9.509999999999999565e-01 9.729999999999999760e-01 8.300000000000000433e-02
9.509999999999999565e-01 9.729999999999999760e-01 8.200000000000000344e-02
9.529999999999999583e-01 9.739999999999999769e-01 8.200000000000000344e-02
9.539999999999999591e-01 9.759999999999999787e-01 8.000000000000000167e-02
9.489999999999999547e-01 9.719999999999999751e-01 8.400000000000000522e-02
