8.649999999999999911e-01 9.270000000000000462e-01 1.320000000000000062e-01
8.770000000000000018e-01 9.409999999999999476e-01 1.270000000000000018e-01
8.569999999999999840e-01 9.020000000000000240e-01 1.479999999999999927e-01
8.619999999999999885e-01 9.100000000000000311e-01 1.439999999999999891e-01
8.639999999999999902e-01 9.140000000000000346e-01 1.429999999999999882e-01
8.449999999999999734e-01 8.990000000000000213e-01 1.519999999999999962e-01
8.679999999999999938e-01 9.320000000000000506e-01 1.300000000000000044e-01
8.169999999999999485e-01 8.649999999999999911e-01 1.690000000000000113e-01
8.409999999999999698e-01 9.030000000000000249e-01 1.570000000000000007e-01
8.399999999999999689e-01 9.080000000000000293e-01 1.549999999999999989e-01
