7.630000000000000115e-01 8.409999999999999698e-01 1.819999999999999951e-01
8.229999999999999538e-01 8.609999999999999876e-01 1.729999999999999871e-01
7.830000000000000293e-01 8.920000000000000151e-01 1.640000000000000069e-01
7.079999999999999627e-01 7.960000000000000409e-01 2.030000000000000138e-01
7.860000000000000320e-01 8.449999999999999734e-01 1.859999999999999987e-01
7.660000000000000142e-01 8.669999999999999929e-01 1.739999999999999880e-01
7.880000000000000338e-01 8.569999999999999840e-01 1.749999999999999889e-01
7.830000000000000293e-01 8.770000000000000018e-01 1.690000000000000113e-01
7.890000000000000346e-01 8.569999999999999840e-01 1.710000000000000131e-01
8.149999999999999467e-01 8.709999999999999964e-01 1.680000000000000104e-01
