7.730000000000000204e-01 8.599999999999999867e-01 1.849999999999999978e-01
8.219999999999999529e-01 8.639999999999999902e-01 1.739999999999999880e-01
7.830000000000000293e-01 9.010000000000000231e-01 1.680000000000000104e-01
6.879999999999999449e-01 7.550000000000000044e-01 2.179999999999999993e-01
7.960000000000000409e-01 8.619999999999999885e-01 1.849999999999999978e-01
7.710000000000000187e-01 8.820000000000000062e-01 1.829999999999999960e-01
8.120000000000000551e-01 8.840000000000000080e-01 1.680000000000000104e-01
7.920000000000000373e-01 8.880000000000000115e-01 1.710000000000000131e-01
7.990000000000000435e-01 8.689999999999999947e-01 1.710000000000000131e-01
8.299999999999999600e-01 8.860000000000000098e-01 1.620000000000000051e-01
