6.480000000000000204e-01 7.439999999999999947e-01 2.240000000000000047e-01
6.590000000000000302e-01 7.620000000000000107e-01 2.179999999999999993e-01
6.600000000000000311e-01 7.600000000000000089e-01 2.149999999999999967e-01
6.750000000000000444e-01 7.840000000000000302e-01 2.049999999999999878e-01
6.899999999999999467e-01 7.730000000000000204e-01 2.099999999999999922e-01
6.550000000000000266e-01 7.510000000000000009e-01 2.200000000000000011e-01
6.770000000000000462e-01 7.820000000000000284e-01 2.069999999999999896e-01
6.690000000000000391e-01 7.700000000000000178e-01 2.139999999999999958e-01
7.089999999999999636e-01 8.129999999999999449e-01 2.010000000000000120e-01
6.640000000000000346e-01 7.790000000000000258e-01 2.139999999999999958e-01
