8.239999999999999547e-01 8.930000000000000160e-01 1.719999999999999862e-01
8.229999999999999538e-01 8.910000000000000142e-01 1.719999999999999862e-01
8.219999999999999529e-01 8.930000000000000160e-01 1.739999999999999880e-01
8.149999999999999467e-01 8.880000000000000115e-01 1.789999999999999925e-01
8.199999999999999512e-01 8.900000000000000133e-01 1.759999999999999898e-01
8.169999999999999485e-01 8.880000000000000115e-01 1.769999999999999907e-01
8.199999999999999512e-01 8.900000000000000133e-01 1.749999999999999889e-01
8.120000000000000551e-01 8.850000000000000089e-01 1.789999999999999925e-01
8.219999999999999529e-01 8.920000000000000151e-01 1.739999999999999880e-01
8.209999999999999520e-01 8.910000000000000142e-01 1.749999999999999889e-01
