7.219999999999999751e-01 8.000000000000000444e-01 2.049999999999999878e-01
7.109999999999999654e-01 8.269999999999999574e-01 1.940000000000000058e-01
7.319999999999999840e-01 8.169999999999999485e-01 2.000000000000000111e-01
7.700000000000000178e-01 8.649999999999999911e-01 1.869999999999999996e-01
6.939999999999999503e-01 7.670000000000000151e-01 2.109999999999999931e-01
7.610000000000000098e-01 8.000000000000000444e-01 2.039999999999999869e-01
7.229999999999999760e-01 8.489999999999999769e-01 1.880000000000000004e-01
6.760000000000000453e-01 7.540000000000000036e-01 2.159999999999999976e-01
7.129999999999999671e-01 8.519999999999999796e-01 1.829999999999999960e-01
7.730000000000000204e-01 8.549999999999999822e-01 1.819999999999999951e-01
