8.449999999999999734e-01 9.110000000000000320e-01 1.390000000000000124e-01
8.509999999999999787e-01 9.240000000000000435e-01 1.370000000000000107e-01
8.169999999999999485e-01 8.619999999999999885e-01 1.660000000000000087e-01
8.649999999999999911e-01 9.100000000000000311e-01 1.439999999999999891e-01
8.349999999999999645e-01 8.890000000000000124e-01 1.559999999999999998e-01
8.439999999999999725e-01 8.940000000000000169e-01 1.509999999999999953e-01
8.629999999999999893e-01 9.270000000000000462e-01 1.350000000000000089e-01
8.090000000000000524e-01 8.579999999999999849e-01 1.700000000000000122e-01
8.399999999999999689e-01 8.930000000000000160e-01 1.529999999999999971e-01
8.459999999999999742e-01 9.020000000000000240e-01 1.489999999999999936e-01
