7.730000000000000204e-01 8.509999999999999787e-01 1.829999999999999960e-01
7.810000000000000275e-01 8.529999999999999805e-01 1.799999999999999933e-01
7.760000000000000231e-01 8.529999999999999805e-01 1.809999999999999942e-01
7.800000000000000266e-01 8.539999999999999813e-01 1.809999999999999942e-01
7.860000000000000320e-01 8.599999999999999867e-01 1.789999999999999925e-01
7.820000000000000284e-01 8.589999999999999858e-01 1.799999999999999933e-01
7.800000000000000266e-01 8.589999999999999858e-01 1.809999999999999942e-01
7.840000000000000302e-01 8.599999999999999867e-01 1.799999999999999933e-01
7.710000000000000187e-01 8.479999999999999760e-01 1.829999999999999960e-01
7.720000000000000195e-01 8.509999999999999787e-01 1.829999999999999960e-01
