7.950000000000000400e-01 8.649999999999999911e-01 1.869999999999999996e-01
8.040000000000000480e-01 8.439999999999999725e-01 1.920000000000000040e-01
8.020000000000000462e-01 9.070000000000000284e-01 1.719999999999999862e-01
7.199999999999999734e-01 8.129999999999999449e-01 2.260000000000000064e-01
8.199999999999999512e-01 8.699999999999999956e-01 1.739999999999999880e-01
7.740000000000000213e-01 8.850000000000000089e-01 2.059999999999999887e-01
8.120000000000000551e-01 8.770000000000000018e-01 1.779999999999999916e-01
7.890000000000000346e-01 8.880000000000000115e-01 2.010000000000000120e-01
8.139999999999999458e-01 8.950000000000000178e-01 1.829999999999999960e-01
8.719999999999999973e-01 9.160000000000000364e-01 1.390000000000000124e-01
