8.930000000000000160e-01 9.389999999999999458e-01 1.250000000000000000e-01
8.960000000000000187e-01 9.399999999999999467e-01 1.229999999999999982e-01
8.980000000000000204e-01 9.439999999999999503e-01 1.219999999999999973e-01
8.870000000000000107e-01 9.370000000000000551e-01 1.280000000000000027e-01
8.920000000000000151e-01 9.379999999999999449e-01 1.250000000000000000e-01
8.920000000000000151e-01 9.399999999999999467e-01 1.260000000000000009e-01
8.930000000000000160e-01 9.389999999999999458e-01 1.239999999999999991e-01
8.920000000000000151e-01 9.389999999999999458e-01 1.260000000000000009e-01
8.940000000000000169e-01 9.399999999999999467e-01 1.239999999999999991e-01
8.940000000000000169e-01 9.399999999999999467e-01 1.239999999999999991e-01
