7.590000000000000080e-01 8.389999999999999680e-01 1.900000000000000022e-01
7.660000000000000142e-01 8.439999999999999725e-01 1.880000000000000004e-01
7.660000000000000142e-01 8.469999999999999751e-01 1.900000000000000022e-01
7.650000000000000133e-01 8.429999999999999716e-01 1.890000000000000013e-01
7.700000000000000178e-01 8.469999999999999751e-01 1.869999999999999996e-01
7.670000000000000151e-01 8.449999999999999734e-01 1.880000000000000004e-01
7.650000000000000133e-01 8.459999999999999742e-01 1.890000000000000013e-01
7.640000000000000124e-01 8.439999999999999725e-01 1.890000000000000013e-01
7.580000000000000071e-01 8.409999999999999698e-01 1.900000000000000022e-01
7.600000000000000089e-01 8.419999999999999707e-01 1.900000000000000022e-01
