7.039999999999999591e-01 7.850000000000000311e-01 2.179999999999999993e-01
6.850000000000000533e-01 8.040000000000000480e-01 2.059999999999999887e-01
6.610000000000000320e-01 7.580000000000000071e-01 2.260000000000000064e-01
7.369999999999999885e-01 8.439999999999999725e-01 1.950000000000000067e-01
6.640000000000000346e-01 7.640000000000000124e-01 2.280000000000000082e-01
7.469999999999999973e-01 7.860000000000000320e-01 2.079999999999999905e-01
6.500000000000000222e-01 7.760000000000000231e-01 2.169999999999999984e-01
6.680000000000000382e-01 7.520000000000000018e-01 2.220000000000000029e-01
7.049999999999999600e-01 8.479999999999999760e-01 1.910000000000000031e-01
7.550000000000000044e-01 8.429999999999999716e-01 1.869999999999999996e-01
