5.909999999999999698e-01 6.989999999999999547e-01 2.760000000000000231e-01
5.929999999999999716e-01 6.979999999999999538e-01 2.720000000000000195e-01
6.360000000000000098e-01 7.630000000000000115e-01 2.600000000000000089e-01
6.540000000000000258e-01 7.670000000000000151e-01 2.320000000000000118e-01
7.019999999999999574e-01 8.000000000000000444e-01 2.210000000000000020e-01
6.189999999999999947e-01 7.249999999999999778e-01 2.550000000000000044e-01
6.250000000000000000e-01 7.560000000000000053e-01 2.500000000000000000e-01
6.280000000000000027e-01 7.279999999999999805e-01 2.489999999999999991e-01
6.840000000000000524e-01 8.000000000000000444e-01 2.169999999999999984e-01
6.790000000000000480e-01 7.960000000000000409e-01 2.320000000000000118e-01
