8.669999999999999929e-01 9.290000000000000480e-01 1.290000000000000036e-01
8.729999999999999982e-01 9.379999999999999449e-01 1.270000000000000018e-01
8.529999999999999805e-01 9.020000000000000240e-01 1.499999999999999944e-01
8.760000000000000009e-01 9.220000000000000417e-01 1.370000000000000107e-01
8.609999999999999876e-01 9.140000000000000346e-01 1.439999999999999891e-01
8.599999999999999867e-01 9.110000000000000320e-01 1.429999999999999882e-01
8.790000000000000036e-01 9.399999999999999467e-01 1.270000000000000018e-01
8.249999999999999556e-01 8.790000000000000036e-01 1.630000000000000060e-01
8.689999999999999947e-01 9.180000000000000382e-01 1.400000000000000133e-01
8.549999999999999822e-01 9.160000000000000364e-01 1.449999999999999900e-01
