5.819999999999999618e-01 6.680000000000000382e-01 2.650000000000000133e-01
5.969999999999999751e-01 7.089999999999999636e-01 2.530000000000000027e-01
5.620000000000000551e-01 6.820000000000000506e-01 2.680000000000000160e-01
6.239999999999999991e-01 7.379999999999999893e-01 2.389999999999999902e-01
6.330000000000000071e-01 7.379999999999999893e-01 2.489999999999999991e-01
6.049999999999999822e-01 7.159999999999999698e-01 2.469999999999999973e-01
5.969999999999999751e-01 7.159999999999999698e-01 2.540000000000000036e-01
5.779999999999999583e-01 6.929999999999999494e-01 2.610000000000000098e-01
6.430000000000000160e-01 7.660000000000000142e-01 2.280000000000000082e-01
6.310000000000000053e-01 7.459999999999999964e-01 2.479999999999999982e-01
