7.239999999999999769e-01 8.189999999999999503e-01 2.220000000000000029e-01
7.990000000000000435e-01 8.169999999999999485e-01 1.839999999999999969e-01
6.909999999999999476e-01 8.339999999999999636e-01 1.990000000000000102e-01
6.300000000000000044e-01 7.459999999999999964e-01 2.469999999999999973e-01
7.429999999999999938e-01 8.020000000000000462e-01 2.159999999999999976e-01
7.349999999999999867e-01 8.609999999999999876e-01 2.069999999999999896e-01
7.409999999999999920e-01 8.299999999999999600e-01 2.069999999999999896e-01
6.969999999999999529e-01 8.269999999999999574e-01 2.270000000000000073e-01
7.319999999999999840e-01 8.169999999999999485e-01 2.230000000000000038e-01
7.710000000000000187e-01 8.319999999999999618e-01 1.960000000000000075e-01
