7.399999999999999911e-01 8.010000000000000453e-01 2.069999999999999896e-01
7.570000000000000062e-01 8.339999999999999636e-01 1.950000000000000067e-01
7.489999999999999991e-01 8.329999999999999627e-01 1.970000000000000084e-01
7.489999999999999991e-01 8.459999999999999742e-01 1.910000000000000031e-01
7.530000000000000027e-01 8.269999999999999574e-01 1.960000000000000075e-01
7.409999999999999920e-01 8.219999999999999529e-01 2.089999999999999913e-01
7.580000000000000071e-01 8.459999999999999742e-01 1.880000000000000004e-01
7.580000000000000071e-01 8.409999999999999698e-01 1.980000000000000093e-01
7.530000000000000027e-01 8.469999999999999751e-01 1.920000000000000040e-01
7.590000000000000080e-01 8.439999999999999725e-01 1.910000000000000031e-01
