8.449999999999999734e-01 9.180000000000000382e-01 1.459999999999999909e-01
8.750000000000000000e-01 9.409999999999999476e-01 1.280000000000000027e-01
8.269999999999999574e-01 8.820000000000000062e-01 1.670000000000000095e-01
8.529999999999999805e-01 9.080000000000000293e-01 1.509999999999999953e-01
8.589999999999999858e-01 9.150000000000000355e-01 1.539999999999999980e-01
8.770000000000000018e-01 9.220000000000000417e-01 1.340000000000000080e-01
8.629999999999999893e-01 9.300000000000000488e-01 1.340000000000000080e-01
8.020000000000000462e-01 8.549999999999999822e-01 1.799999999999999933e-01
8.169999999999999485e-01 8.830000000000000071e-01 1.729999999999999871e-01
8.519999999999999796e-01 9.120000000000000329e-01 1.469999999999999918e-01
