7.670000000000000151e-01 8.589999999999999858e-01 1.829999999999999960e-01
8.169999999999999485e-01 8.519999999999999796e-01 1.710000000000000131e-01
7.750000000000000222e-01 8.930000000000000160e-01 1.680000000000000104e-01
6.889999999999999458e-01 7.890000000000000346e-01 2.089999999999999913e-01
8.000000000000000444e-01 8.659999999999999920e-01 1.789999999999999925e-01
7.690000000000000169e-01 8.780000000000000027e-01 1.759999999999999898e-01
7.940000000000000391e-01 8.699999999999999956e-01 1.739999999999999880e-01
7.750000000000000222e-01 8.729999999999999982e-01 1.729999999999999871e-01
7.860000000000000320e-01 8.629999999999999893e-01 1.749999999999999889e-01
8.379999999999999671e-01 8.970000000000000195e-01 1.580000000000000016e-01
