8.229999999999999538e-01 8.900000000000000133e-01 1.620000000000000051e-01
8.329999999999999627e-01 8.970000000000000195e-01 1.580000000000000016e-01
8.259999999999999565e-01 8.920000000000000151e-01 1.600000000000000033e-01
8.259999999999999565e-01 8.950000000000000178e-01 1.620000000000000051e-01
8.329999999999999627e-01 8.980000000000000204e-01 1.570000000000000007e-01
8.289999999999999591e-01 8.960000000000000187e-01 1.600000000000000033e-01
8.259999999999999565e-01 8.950000000000000178e-01 1.610000000000000042e-01
8.299999999999999600e-01 8.960000000000000187e-01 1.580000000000000016e-01
8.239999999999999547e-01 8.930000000000000160e-01 1.630000000000000060e-01
8.239999999999999547e-01 8.940000000000000169e-01 1.620000000000000051e-01
