6.989999999999999547e-01 7.980000000000000426e-01 2.190000000000000002e-01
7.109999999999999654e-01 8.060000000000000497e-01 2.139999999999999958e-01
7.049999999999999600e-01 8.060000000000000497e-01 2.169999999999999984e-01
7.069999999999999618e-01 8.020000000000000462e-01 2.159999999999999976e-01
7.139999999999999680e-01 8.110000000000000542e-01 2.129999999999999949e-01
7.129999999999999671e-01 8.110000000000000542e-01 2.139999999999999958e-01
7.069999999999999618e-01 8.030000000000000471e-01 2.159999999999999976e-01
7.089999999999999636e-01 8.070000000000000506e-01 2.149999999999999967e-01
6.989999999999999547e-01 8.010000000000000453e-01 2.200000000000000011e-01
6.989999999999999547e-01 8.010000000000000453e-01 2.200000000000000011e-01
