8.269999999999999574e-01 8.880000000000000115e-01 1.769999999999999907e-01
8.549999999999999822e-01 9.180000000000000382e-01 1.439999999999999891e-01
8.419999999999999707e-01 9.000000000000000222e-01 1.630000000000000060e-01
8.980000000000000204e-01 9.449999999999999512e-01 1.260000000000000009e-01
8.309999999999999609e-01 8.589999999999999858e-01 1.559999999999999998e-01
8.780000000000000027e-01 9.020000000000000240e-01 1.519999999999999962e-01
8.469999999999999751e-01 9.200000000000000400e-01 1.479999999999999927e-01
7.870000000000000329e-01 8.509999999999999787e-01 1.940000000000000058e-01
8.549999999999999822e-01 9.320000000000000506e-01 1.400000000000000133e-01
9.030000000000000249e-01 9.459999999999999520e-01 1.209999999999999964e-01
