8.349999999999999645e-01 8.970000000000000195e-01 1.620000000000000051e-01
8.439999999999999725e-01 8.840000000000000080e-01 1.700000000000000122e-01
8.389999999999999680e-01 9.260000000000000453e-01 1.459999999999999909e-01
7.660000000000000142e-01 8.529999999999999805e-01 1.970000000000000084e-01
8.389999999999999680e-01 8.870000000000000107e-01 1.729999999999999871e-01
8.120000000000000551e-01 9.080000000000000293e-01 1.680000000000000104e-01
8.479999999999999760e-01 9.030000000000000249e-01 1.590000000000000024e-01
8.289999999999999591e-01 9.100000000000000311e-01 1.650000000000000078e-01
8.529999999999999805e-01 9.160000000000000364e-01 1.509999999999999953e-01
8.830000000000000071e-01 9.280000000000000471e-01 1.360000000000000098e-01
