7.089999999999999636e-01 7.850000000000000311e-01 2.089999999999999913e-01
7.069999999999999618e-01 8.259999999999999565e-01 1.960000000000000075e-01
7.139999999999999680e-01 8.010000000000000453e-01 2.039999999999999869e-01
7.630000000000000115e-01 8.549999999999999822e-01 1.910000000000000031e-01
7.029999999999999583e-01 7.770000000000000240e-01 2.079999999999999905e-01
7.469999999999999973e-01 7.780000000000000249e-01 2.079999999999999905e-01
7.239999999999999769e-01 8.429999999999999716e-01 1.900000000000000022e-01
6.650000000000000355e-01 7.359999999999999876e-01 2.169999999999999984e-01
6.989999999999999547e-01 8.459999999999999742e-01 1.880000000000000004e-01
7.650000000000000133e-01 8.529999999999999805e-01 1.859999999999999987e-01
