8.629999999999999893e-01 9.250000000000000444e-01 1.310000000000000053e-01
8.719999999999999973e-01 9.409999999999999476e-01 1.280000000000000027e-01
8.619999999999999885e-01 9.070000000000000284e-01 1.459999999999999909e-01
8.599999999999999867e-01 9.110000000000000320e-01 1.429999999999999882e-01
8.569999999999999840e-01 9.140000000000000346e-01 1.489999999999999936e-01
8.439999999999999725e-01 8.980000000000000204e-01 1.499999999999999944e-01
8.770000000000000018e-01 9.409999999999999476e-01 1.290000000000000036e-01
8.159999999999999476e-01 8.719999999999999973e-01 1.690000000000000113e-01
8.429999999999999716e-01 8.990000000000000213e-01 1.519999999999999962e-01
8.719999999999999973e-01 9.260000000000000453e-01 1.370000000000000107e-01
