7.540000000000000036e-01 8.419999999999999707e-01 2.039999999999999869e-01
8.100000000000000533e-01 8.599999999999999867e-01 1.839999999999999969e-01
7.560000000000000053e-01 8.790000000000000036e-01 1.799999999999999933e-01
6.999999999999999556e-01 8.040000000000000480e-01 2.220000000000000029e-01
7.730000000000000204e-01 8.479999999999999760e-01 2.049999999999999878e-01
7.500000000000000000e-01 8.709999999999999964e-01 2.020000000000000129e-01
8.010000000000000453e-01 8.780000000000000027e-01 1.779999999999999916e-01
8.120000000000000551e-01 9.040000000000000258e-01 1.690000000000000113e-01
7.580000000000000071e-01 8.439999999999999725e-01 2.059999999999999887e-01
7.870000000000000329e-01 8.609999999999999876e-01 1.970000000000000084e-01
