7.600000000000000089e-01 8.429999999999999716e-01 1.869999999999999996e-01
7.650000000000000133e-01 8.469999999999999751e-01 1.849999999999999978e-01
7.600000000000000089e-01 8.439999999999999725e-01 1.859999999999999987e-01
7.630000000000000115e-01 8.469999999999999751e-01 1.859999999999999987e-01
7.710000000000000187e-01 8.509999999999999787e-01 1.819999999999999951e-01
7.620000000000000107e-01 8.479999999999999760e-01 1.859999999999999987e-01
7.640000000000000124e-01 8.499999999999999778e-01 1.859999999999999987e-01
7.620000000000000107e-01 8.489999999999999769e-01 1.859999999999999987e-01
7.530000000000000027e-01 8.409999999999999698e-01 1.900000000000000022e-01
7.610000000000000098e-01 8.409999999999999698e-01 1.859999999999999987e-01
