7.950000000000000400e-01 8.840000000000000080e-01 1.759999999999999898e-01
8.129999999999999449e-01 9.070000000000000284e-01 1.799999999999999933e-01
7.900000000000000355e-01 8.549999999999999822e-01 1.990000000000000102e-01
8.120000000000000551e-01 8.760000000000000009e-01 1.839999999999999969e-01
7.980000000000000426e-01 8.729999999999999982e-01 1.950000000000000067e-01
8.080000000000000515e-01 8.770000000000000018e-01 1.829999999999999960e-01
8.080000000000000515e-01 8.980000000000000204e-01 1.739999999999999880e-01
7.750000000000000222e-01 8.419999999999999707e-01 2.069999999999999896e-01
8.139999999999999458e-01 8.790000000000000036e-01 1.839999999999999969e-01
7.850000000000000311e-01 8.619999999999999885e-01 1.920000000000000040e-01
