9.150000000000000355e-01 9.499999999999999556e-01 1.120000000000000023e-01
9.250000000000000444e-01 9.559999999999999609e-01 1.049999999999999961e-01
9.180000000000000382e-01 9.529999999999999583e-01 1.100000000000000006e-01
9.160000000000000364e-01 9.519999999999999574e-01 1.120000000000000023e-01
9.190000000000000391e-01 9.529999999999999583e-01 1.089999999999999997e-01
9.220000000000000417e-01 9.549999999999999600e-01 1.079999999999999988e-01
9.160000000000000364e-01 9.519999999999999574e-01 1.120000000000000023e-01
9.170000000000000373e-01 9.509999999999999565e-01 1.110000000000000014e-01
9.190000000000000391e-01 9.539999999999999591e-01 1.100000000000000006e-01
9.190000000000000391e-01 9.529999999999999583e-01 1.089999999999999997e-01
