8.589999999999999858e-01 9.120000000000000329e-01 1.439999999999999891e-01
8.619999999999999885e-01 9.130000000000000338e-01 1.429999999999999882e-01
8.589999999999999858e-01 9.120000000000000329e-01 1.439999999999999891e-01
8.519999999999999796e-01 9.090000000000000302e-01 1.469999999999999918e-01
8.619999999999999885e-01 9.140000000000000346e-01 1.419999999999999873e-01
8.579999999999999849e-01 9.130000000000000338e-01 1.449999999999999900e-01
8.589999999999999858e-01 9.120000000000000329e-01 1.439999999999999891e-01
8.539999999999999813e-01 9.100000000000000311e-01 1.459999999999999909e-01
8.639999999999999902e-01 9.160000000000000364e-01 1.419999999999999873e-01
8.609999999999999876e-01 9.140000000000000346e-01 1.429999999999999882e-01
