8.719999999999999973e-01 9.220000000000000417e-01 1.350000000000000089e-01
8.790000000000000036e-01 9.300000000000000488e-01 1.320000000000000062e-01
8.739999999999999991e-01 9.280000000000000471e-01 1.350000000000000089e-01
8.649999999999999911e-01 9.220000000000000417e-01 1.409999999999999865e-01
8.709999999999999964e-01 9.230000000000000426e-01 1.350000000000000089e-01
8.699999999999999956e-01 9.230000000000000426e-01 1.370000000000000107e-01
8.709999999999999964e-01 9.220000000000000417e-01 1.360000000000000098e-01
8.709999999999999964e-01 9.230000000000000426e-01 1.360000000000000098e-01
8.739999999999999991e-01 9.250000000000000444e-01 1.350000000000000089e-01
8.739999999999999991e-01 9.270000000000000462e-01 1.350000000000000089e-01
