8.800000000000000044e-01 9.310000000000000497e-01 1.320000000000000062e-01
8.820000000000000062e-01 9.310000000000000497e-01 1.310000000000000053e-01
8.810000000000000053e-01 9.320000000000000506e-01 1.320000000000000062e-01
8.719999999999999973e-01 9.270000000000000462e-01 1.360000000000000098e-01
8.790000000000000036e-01 9.300000000000000488e-01 1.320000000000000062e-01
8.780000000000000027e-01 9.300000000000000488e-01 1.340000000000000080e-01
8.780000000000000027e-01 9.290000000000000480e-01 1.330000000000000071e-01
8.750000000000000000e-01 9.280000000000000471e-01 1.350000000000000089e-01
8.800000000000000044e-01 9.300000000000000488e-01 1.330000000000000071e-01
8.780000000000000027e-01 9.300000000000000488e-01 1.330000000000000071e-01
