8.539999999999999813e-01 7.059999999999999609e-01 1.980000000000000093e-01
9.100000000000000311e-01 9.110000000000000320e-01 1.209999999999999964e-01
7.660000000000000142e-01 5.450000000000000400e-01 2.250000000000000056e-01
6.909999999999999476e-01 8.920000000000000151e-01 2.419999999999999929e-01
7.920000000000000373e-01 8.750000000000000000e-01 1.660000000000000087e-01
9.160000000000000364e-01 8.890000000000000124e-01 1.340000000000000080e-01
8.549999999999999822e-01 8.339999999999999636e-01 1.759999999999999898e-01
8.940000000000000169e-01 9.250000000000000444e-01 1.600000000000000033e-01
9.010000000000000231e-01 9.100000000000000311e-01 1.869999999999999996e-01
9.539999999999999591e-01 9.569999999999999618e-01 9.500000000000000111e-02
