8.489999999999999769e-01 9.110000000000000320e-01 1.400000000000000133e-01
8.870000000000000107e-01 9.170000000000000373e-01 1.400000000000000133e-01
8.619999999999999885e-01 9.360000000000000542e-01 1.310000000000000053e-01
8.189999999999999503e-01 8.960000000000000187e-01 1.509999999999999953e-01
8.750000000000000000e-01 9.180000000000000382e-01 1.479999999999999927e-01
8.329999999999999627e-01 9.070000000000000284e-01 1.459999999999999909e-01
8.619999999999999885e-01 9.260000000000000453e-01 1.340000000000000080e-01
8.699999999999999956e-01 9.300000000000000488e-01 1.300000000000000044e-01
8.609999999999999876e-01 9.170000000000000373e-01 1.380000000000000115e-01
8.880000000000000115e-01 9.300000000000000488e-01 1.320000000000000062e-01
