6.480000000000000204e-01 6.159999999999999920e-01 3.890000000000000124e-01
6.009999999999999787e-01 5.739999999999999547e-01 4.550000000000000155e-01
6.139999999999999902e-01 6.540000000000000258e-01 4.000000000000000222e-01
5.699999999999999512e-01 5.400000000000000355e-01 4.299999999999999933e-01
5.909999999999999698e-01 5.699999999999999512e-01 4.189999999999999836e-01
7.409999999999999920e-01 6.850000000000000533e-01 2.670000000000000151e-01
5.500000000000000444e-01 5.260000000000000231e-01 4.769999999999999796e-01
5.560000000000000497e-01 5.400000000000000355e-01 4.199999999999999845e-01
7.650000000000000133e-01 7.309999999999999831e-01 2.720000000000000195e-01
5.520000000000000462e-01 5.280000000000000249e-01 4.400000000000000022e-01
