8.960000000000000187e-01 9.409999999999999476e-01 1.209999999999999964e-01
9.010000000000000231e-01 9.449999999999999512e-01 1.189999999999999947e-01
9.030000000000000249e-01 9.439999999999999503e-01 1.170000000000000068e-01
8.970000000000000195e-01 9.419999999999999485e-01 1.199999999999999956e-01
8.980000000000000204e-01 9.399999999999999467e-01 1.189999999999999947e-01
8.990000000000000213e-01 9.419999999999999485e-01 1.189999999999999947e-01
9.050000000000000266e-01 9.449999999999999512e-01 1.150000000000000050e-01
8.970000000000000195e-01 9.409999999999999476e-01 1.199999999999999956e-01
9.060000000000000275e-01 9.469999999999999529e-01 1.160000000000000059e-01
9.010000000000000231e-01 9.439999999999999503e-01 1.179999999999999938e-01
