8.770000000000000018e-01 9.310000000000000497e-01 1.429999999999999882e-01
8.790000000000000036e-01 9.100000000000000311e-01 1.469999999999999918e-01
8.659999999999999920e-01 9.409999999999999476e-01 1.439999999999999891e-01
8.279999999999999583e-01 9.070000000000000284e-01 1.710000000000000131e-01
8.800000000000000044e-01 9.180000000000000382e-01 1.400000000000000133e-01
8.479999999999999760e-01 9.240000000000000435e-01 1.719999999999999862e-01
8.760000000000000009e-01 9.360000000000000542e-01 1.390000000000000124e-01
8.649999999999999911e-01 9.320000000000000506e-01 1.600000000000000033e-01
8.669999999999999929e-01 9.290000000000000480e-01 1.559999999999999998e-01
9.210000000000000409e-01 9.529999999999999583e-01 1.069999999999999979e-01
