9.000000000000000222e-01 9.479999999999999538e-01 1.170000000000000068e-01
9.030000000000000249e-01 9.330000000000000515e-01 1.250000000000000000e-01
8.890000000000000124e-01 9.529999999999999583e-01 1.160000000000000059e-01
8.669999999999999929e-01 9.330000000000000515e-01 1.330000000000000071e-01
9.060000000000000275e-01 9.409999999999999476e-01 1.260000000000000009e-01
8.760000000000000009e-01 9.399999999999999467e-01 1.300000000000000044e-01
9.100000000000000311e-01 9.549999999999999600e-01 1.110000000000000014e-01
9.070000000000000284e-01 9.549999999999999600e-01 1.170000000000000068e-01
9.050000000000000266e-01 9.499999999999999556e-01 1.150000000000000050e-01
9.290000000000000480e-01 9.599999999999999645e-01 1.029999999999999943e-01
