5.000000000000000000e-01 4.699999999999999734e-01 4.699999999999999734e-01
6.350000000000000089e-01 6.129999999999999893e-01 5.210000000000000187e-01
5.060000000000000053e-01 5.729999999999999538e-01 4.400000000000000022e-01
4.969999999999999973e-01 5.480000000000000426e-01 4.580000000000000182e-01
4.739999999999999769e-01 5.110000000000000098e-01 4.949999999999999956e-01
5.829999999999999627e-01 4.660000000000000253e-01 4.400000000000000022e-01
7.590000000000000080e-01 6.929999999999999494e-01 2.989999999999999880e-01
5.849999999999999645e-01 5.040000000000000036e-01 4.229999999999999871e-01
5.090000000000000080e-01 4.769999999999999796e-01 4.689999999999999725e-01
5.909999999999999698e-01 5.659999999999999476e-01 4.199999999999999845e-01
