8.249999999999999556e-01 8.199999999999999512e-01 1.779999999999999916e-01
8.599999999999999867e-01 8.399999999999999689e-01 1.509999999999999953e-01
8.409999999999999698e-01 7.960000000000000409e-01 1.710000000000000131e-01
8.159999999999999476e-01 7.890000000000000346e-01 1.829999999999999960e-01
8.279999999999999583e-01 7.900000000000000355e-01 1.819999999999999951e-01
7.580000000000000071e-01 6.969999999999999529e-01 2.129999999999999949e-01
8.950000000000000178e-01 8.609999999999999876e-01 1.320000000000000062e-01
8.090000000000000524e-01 8.040000000000000480e-01 1.940000000000000058e-01
7.860000000000000320e-01 7.359999999999999876e-01 1.880000000000000004e-01
9.300000000000000488e-01 9.140000000000000346e-01 1.069999999999999979e-01
