8.790000000000000036e-01 8.499999999999999778e-01 1.449999999999999900e-01
8.110000000000000542e-01 8.129999999999999449e-01 1.809999999999999942e-01
9.519999999999999574e-01 9.669999999999999707e-01 9.700000000000000289e-02
8.479999999999999760e-01 8.910000000000000142e-01 1.630000000000000060e-01
7.910000000000000364e-01 8.279999999999999583e-01 2.010000000000000120e-01
7.409999999999999920e-01 6.550000000000000266e-01 2.210000000000000020e-01
8.990000000000000213e-01 8.980000000000000204e-01 1.429999999999999882e-01
8.389999999999999680e-01 8.279999999999999583e-01 1.700000000000000122e-01
8.020000000000000462e-01 7.610000000000000098e-01 2.030000000000000138e-01
7.129999999999999671e-01 6.889999999999999458e-01 2.369999999999999885e-01
