8.990000000000000213e-01 9.499999999999999556e-01 1.079999999999999988e-01
9.180000000000000382e-01 9.639999999999999680e-01 1.000000000000000056e-01
8.910000000000000142e-01 9.360000000000000542e-01 1.239999999999999991e-01
9.070000000000000284e-01 9.449999999999999512e-01 1.140000000000000041e-01
8.950000000000000178e-01 9.300000000000000488e-01 1.209999999999999964e-01
8.599999999999999867e-01 9.050000000000000266e-01 1.390000000000000124e-01
9.130000000000000338e-01 9.589999999999999636e-01 1.019999999999999934e-01
8.619999999999999885e-01 8.990000000000000213e-01 1.439999999999999891e-01
8.810000000000000053e-01 9.260000000000000453e-01 1.340000000000000080e-01
8.890000000000000124e-01 9.399999999999999467e-01 1.199999999999999956e-01
