8.709999999999999964e-01 6.680000000000000382e-01 1.970000000000000084e-01
9.469999999999999529e-01 9.559999999999999609e-01 3.310000000000000164e-01
7.850000000000000311e-01 5.600000000000000533e-01 2.149999999999999967e-01
7.279999999999999805e-01 9.070000000000000284e-01 2.230000000000000038e-01
8.519999999999999796e-01 9.320000000000000506e-01 1.469999999999999918e-01
9.479999999999999538e-01 9.360000000000000542e-01 1.640000000000000069e-01
8.760000000000000009e-01 8.689999999999999947e-01 3.679999999999999938e-01
9.150000000000000355e-01 9.399999999999999467e-01 1.789999999999999925e-01
9.300000000000000488e-01 9.409999999999999476e-01 1.849999999999999978e-01
9.739999999999999769e-01 9.729999999999999760e-01 3.330000000000000182e-01
