8.509999999999999787e-01 6.420000000000000151e-01 2.020000000000000129e-01
9.170000000000000373e-01 9.190000000000000391e-01 1.280000000000000027e-01
7.800000000000000266e-01 5.510000000000000453e-01 2.260000000000000064e-01
6.870000000000000551e-01 8.920000000000000151e-01 2.260000000000000064e-01
7.710000000000000187e-01 8.840000000000000080e-01 1.710000000000000131e-01
9.180000000000000382e-01 8.960000000000000187e-01 1.370000000000000107e-01
8.860000000000000098e-01 8.810000000000000053e-01 1.620000000000000051e-01
9.070000000000000284e-01 9.330000000000000515e-01 1.499999999999999944e-01
8.900000000000000133e-01 9.000000000000000222e-01 1.640000000000000069e-01
9.429999999999999494e-01 9.489999999999999547e-01 1.260000000000000009e-01
