8.529999999999999805e-01 8.559999999999999831e-01 1.600000000000000033e-01
8.719999999999999973e-01 8.880000000000000115e-01 1.529999999999999971e-01
8.609999999999999876e-01 8.719999999999999973e-01 1.539999999999999980e-01
8.659999999999999920e-01 8.810000000000000053e-01 1.580000000000000016e-01
8.429999999999999716e-01 8.209999999999999520e-01 1.610000000000000042e-01
8.229999999999999538e-01 8.259999999999999565e-01 1.710000000000000131e-01
9.090000000000000302e-01 8.739999999999999991e-01 1.250000000000000000e-01
8.279999999999999583e-01 8.429999999999999716e-01 1.700000000000000122e-01
8.589999999999999858e-01 8.509999999999999787e-01 1.590000000000000024e-01
9.130000000000000338e-01 9.140000000000000346e-01 1.280000000000000027e-01
