8.459999999999999742e-01 5.939999999999999725e-01 2.270000000000000073e-01
8.469999999999999751e-01 8.750000000000000000e-01 1.700000000000000122e-01
7.590000000000000080e-01 4.789999999999999813e-01 2.640000000000000124e-01
6.770000000000000462e-01 8.659999999999999920e-01 2.540000000000000036e-01
6.680000000000000382e-01 8.040000000000000480e-01 2.300000000000000100e-01
9.070000000000000284e-01 8.509999999999999787e-01 1.229999999999999982e-01
8.040000000000000480e-01 7.419999999999999929e-01 1.849999999999999978e-01
8.549999999999999822e-01 8.820000000000000062e-01 1.829999999999999960e-01
8.319999999999999618e-01 8.149999999999999467e-01 2.099999999999999922e-01
9.549999999999999600e-01 9.559999999999999609e-01 9.199999999999999845e-02
