8.729999999999999982e-01 8.219999999999999529e-01 1.660000000000000087e-01
7.640000000000000124e-01 7.489999999999999991e-01 2.039999999999999869e-01
9.140000000000000346e-01 9.150000000000000355e-01 1.489999999999999936e-01
7.720000000000000195e-01 7.920000000000000373e-01 1.960000000000000075e-01
8.090000000000000524e-01 8.279999999999999583e-01 1.839999999999999969e-01
7.690000000000000169e-01 6.209999999999999964e-01 2.210000000000000020e-01
9.010000000000000231e-01 8.930000000000000160e-01 1.519999999999999962e-01
7.940000000000000391e-01 6.999999999999999556e-01 1.880000000000000004e-01
7.970000000000000417e-01 7.720000000000000195e-01 2.010000000000000120e-01
6.620000000000000329e-01 6.770000000000000462e-01 2.330000000000000127e-01
