9.020000000000000240e-01 9.519999999999999574e-01 1.059999999999999970e-01
9.190000000000000391e-01 9.649999999999999689e-01 9.900000000000000466e-02
8.990000000000000213e-01 9.429999999999999494e-01 1.179999999999999938e-01
9.180000000000000382e-01 9.519999999999999574e-01 1.079999999999999988e-01
9.020000000000000240e-01 9.409999999999999476e-01 1.189999999999999947e-01
8.830000000000000071e-01 9.270000000000000462e-01 1.260000000000000009e-01
9.190000000000000391e-01 9.629999999999999671e-01 9.900000000000000466e-02
8.750000000000000000e-01 9.190000000000000391e-01 1.370000000000000107e-01
9.030000000000000249e-01 9.429999999999999494e-01 1.179999999999999938e-01
8.980000000000000204e-01 9.469999999999999529e-01 1.150000000000000050e-01
