8.659999999999999920e-01 9.290000000000000480e-01 1.370000000000000107e-01
8.980000000000000204e-01 9.290000000000000480e-01 1.270000000000000018e-01
8.649999999999999911e-01 9.439999999999999503e-01 1.290000000000000036e-01
8.239999999999999547e-01 8.960000000000000187e-01 1.529999999999999971e-01
8.820000000000000062e-01 9.240000000000000435e-01 1.360000000000000098e-01
8.539999999999999813e-01 9.300000000000000488e-01 1.449999999999999900e-01
8.950000000000000178e-01 9.489999999999999547e-01 1.219999999999999973e-01
8.880000000000000115e-01 9.469999999999999529e-01 1.260000000000000009e-01
8.790000000000000036e-01 9.340000000000000524e-01 1.300000000000000044e-01
9.000000000000000222e-01 9.429999999999999494e-01 1.219999999999999973e-01
