9.310000000000000497e-01 9.659999999999999698e-01 8.799999999999999489e-02
9.489999999999999547e-01 9.789999999999999813e-01 8.100000000000000255e-02
9.230000000000000426e-01 9.539999999999999591e-01 1.000000000000000056e-01
9.469999999999999529e-01 9.699999999999999734e-01 8.599999999999999312e-02
9.300000000000000488e-01 9.589999999999999636e-01 1.000000000000000056e-01
9.210000000000000409e-01 9.509999999999999565e-01 1.049999999999999961e-01
9.509999999999999565e-01 9.789999999999999813e-01 7.699999999999999900e-02
8.940000000000000169e-01 9.290000000000000480e-01 1.260000000000000009e-01
9.270000000000000462e-01 9.579999999999999627e-01 1.019999999999999934e-01
9.210000000000000409e-01 9.599999999999999645e-01 1.019999999999999934e-01
