8.930000000000000160e-01 8.790000000000000036e-01 1.529999999999999971e-01
8.040000000000000480e-01 8.269999999999999574e-01 1.829999999999999960e-01
9.429999999999999494e-01 9.549999999999999600e-01 1.140000000000000041e-01
7.810000000000000275e-01 8.199999999999999512e-01 1.910000000000000031e-01
7.950000000000000400e-01 8.169999999999999485e-01 1.910000000000000031e-01
7.510000000000000009e-01 6.450000000000000178e-01 2.079999999999999905e-01
9.060000000000000275e-01 8.910000000000000142e-01 1.479999999999999927e-01
8.269999999999999574e-01 7.920000000000000373e-01 1.729999999999999871e-01
8.479999999999999760e-01 8.729999999999999982e-01 1.839999999999999969e-01
7.620000000000000107e-01 7.419999999999999929e-01 1.980000000000000093e-01
