8.629999999999999893e-01 9.280000000000000471e-01 1.350000000000000089e-01
8.910000000000000142e-01 9.200000000000000400e-01 1.300000000000000044e-01
8.619999999999999885e-01 9.389999999999999458e-01 1.290000000000000036e-01
8.249999999999999556e-01 9.080000000000000293e-01 1.499999999999999944e-01
8.840000000000000080e-01 9.280000000000000471e-01 1.370000000000000107e-01
8.469999999999999751e-01 9.230000000000000426e-01 1.409999999999999865e-01
8.830000000000000071e-01 9.419999999999999485e-01 1.270000000000000018e-01
8.770000000000000018e-01 9.389999999999999458e-01 1.280000000000000027e-01
8.739999999999999991e-01 9.320000000000000506e-01 1.320000000000000062e-01
9.050000000000000266e-01 9.469999999999999529e-01 1.189999999999999947e-01
