8.830000000000000071e-01 8.739999999999999991e-01 1.419999999999999873e-01
8.790000000000000036e-01 9.020000000000000240e-01 1.390000000000000124e-01
8.669999999999999929e-01 8.800000000000000044e-01 1.499999999999999944e-01
8.459999999999999742e-01 8.790000000000000036e-01 1.600000000000000033e-01
8.729999999999999982e-01 8.629999999999999893e-01 1.429999999999999882e-01
8.479999999999999760e-01 8.499999999999999778e-01 1.680000000000000104e-01
9.330000000000000515e-01 9.150000000000000355e-01 1.110000000000000014e-01
8.399999999999999689e-01 8.539999999999999813e-01 1.680000000000000104e-01
8.609999999999999876e-01 8.379999999999999671e-01 1.459999999999999909e-01
8.960000000000000187e-01 8.910000000000000142e-01 1.330000000000000071e-01
