8.120000000000000551e-01 7.810000000000000275e-01 1.849999999999999978e-01
8.489999999999999769e-01 8.499999999999999778e-01 1.729999999999999871e-01
8.419999999999999707e-01 8.409999999999999698e-01 1.680000000000000104e-01
8.070000000000000506e-01 8.139999999999999458e-01 1.890000000000000013e-01
8.149999999999999467e-01 7.940000000000000391e-01 1.799999999999999933e-01
8.419999999999999707e-01 7.840000000000000302e-01 1.839999999999999969e-01
8.679999999999999938e-01 8.369999999999999662e-01 1.590000000000000024e-01
8.040000000000000480e-01 8.159999999999999476e-01 1.940000000000000058e-01
8.679999999999999938e-01 8.549999999999999822e-01 1.620000000000000051e-01
8.559999999999999831e-01 8.169999999999999485e-01 1.590000000000000024e-01
