9.210000000000000409e-01 9.589999999999999636e-01 1.039999999999999952e-01
9.220000000000000417e-01 9.599999999999999645e-01 1.039999999999999952e-01
9.260000000000000453e-01 9.609999999999999654e-01 1.000000000000000056e-01
9.220000000000000417e-01 9.589999999999999636e-01 1.039999999999999952e-01
9.230000000000000426e-01 9.599999999999999645e-01 1.029999999999999943e-01
9.200000000000000400e-01 9.579999999999999627e-01 1.049999999999999961e-01
9.290000000000000480e-01 9.629999999999999671e-01 9.900000000000000466e-02
9.210000000000000409e-01 9.589999999999999636e-01 1.029999999999999943e-01
9.270000000000000462e-01 9.629999999999999671e-01 1.000000000000000056e-01
9.250000000000000444e-01 9.619999999999999662e-01 1.019999999999999934e-01
