9.090000000000000302e-01 9.509999999999999565e-01 1.110000000000000014e-01
9.130000000000000338e-01 9.549999999999999600e-01 1.089999999999999997e-01
9.170000000000000373e-01 9.559999999999999609e-01 1.059999999999999970e-01
9.100000000000000311e-01 9.519999999999999574e-01 1.100000000000000006e-01
9.100000000000000311e-01 9.509999999999999565e-01 1.100000000000000006e-01
9.110000000000000320e-01 9.519999999999999574e-01 1.100000000000000006e-01
9.180000000000000382e-01 9.569999999999999618e-01 1.059999999999999970e-01
9.110000000000000320e-01 9.519999999999999574e-01 1.100000000000000006e-01
9.170000000000000373e-01 9.569999999999999618e-01 1.059999999999999970e-01
9.140000000000000346e-01 9.549999999999999600e-01 1.079999999999999988e-01
