9.180000000000000382e-01 9.110000000000000320e-01 1.150000000000000050e-01
9.020000000000000240e-01 9.160000000000000364e-01 1.250000000000000000e-01
8.649999999999999911e-01 8.900000000000000133e-01 1.620000000000000051e-01
8.750000000000000000e-01 8.980000000000000204e-01 1.439999999999999891e-01
8.890000000000000124e-01 8.810000000000000053e-01 1.400000000000000133e-01
8.629999999999999893e-01 8.569999999999999840e-01 1.570000000000000007e-01
9.499999999999999556e-01 9.419999999999999485e-01 9.199999999999999845e-02
8.699999999999999956e-01 8.940000000000000169e-01 1.509999999999999953e-01
8.920000000000000151e-01 8.940000000000000169e-01 1.280000000000000027e-01
9.220000000000000417e-01 9.030000000000000249e-01 1.089999999999999997e-01
