9.010000000000000231e-01 9.439999999999999503e-01 1.150000000000000050e-01
9.070000000000000284e-01 9.499999999999999556e-01 1.120000000000000023e-01
9.100000000000000311e-01 9.489999999999999547e-01 1.089999999999999997e-01
9.050000000000000266e-01 9.469999999999999529e-01 1.130000000000000032e-01
9.030000000000000249e-01 9.449999999999999512e-01 1.140000000000000041e-01
9.040000000000000258e-01 9.449999999999999512e-01 1.130000000000000032e-01
9.110000000000000320e-01 9.499999999999999556e-01 1.089999999999999997e-01
9.060000000000000275e-01 9.469999999999999529e-01 1.120000000000000023e-01
9.110000000000000320e-01 9.509999999999999565e-01 1.089999999999999997e-01
9.050000000000000266e-01 9.479999999999999538e-01 1.140000000000000041e-01
