9.459999999999999520e-01 9.719999999999999751e-01 8.400000000000000522e-02
9.479999999999999538e-01 9.729999999999999760e-01 8.400000000000000522e-02
9.479999999999999538e-01 9.719999999999999751e-01 8.300000000000000433e-02
9.479999999999999538e-01 9.719999999999999751e-01 8.300000000000000433e-02
9.489999999999999547e-01 9.729999999999999760e-01 8.300000000000000433e-02
9.469999999999999529e-01 9.719999999999999751e-01 8.300000000000000433e-02
9.539999999999999591e-01 9.759999999999999787e-01 7.799999999999999989e-02
9.459999999999999520e-01 9.709999999999999742e-01 8.400000000000000522e-02
9.529999999999999583e-01 9.759999999999999787e-01 7.900000000000000078e-02
9.499999999999999556e-01 9.739999999999999769e-01 8.100000000000000255e-02
