9.040000000000000258e-01 9.529999999999999583e-01 1.049999999999999961e-01
9.180000000000000382e-01 9.659999999999999698e-01 1.000000000000000056e-01
8.810000000000000053e-01 9.350000000000000533e-01 1.340000000000000080e-01
9.130000000000000338e-01 9.499999999999999556e-01 1.110000000000000014e-01
9.050000000000000266e-01 9.429999999999999494e-01 1.170000000000000068e-01
8.659999999999999920e-01 9.120000000000000329e-01 1.350000000000000089e-01
9.220000000000000417e-01 9.659999999999999698e-01 9.900000000000000466e-02
8.709999999999999964e-01 9.180000000000000382e-01 1.419999999999999873e-01
9.020000000000000240e-01 9.419999999999999485e-01 1.189999999999999947e-01
8.980000000000000204e-01 9.479999999999999538e-01 1.160000000000000059e-01
