8.439999999999999725e-01 9.050000000000000266e-01 1.469999999999999918e-01
8.509999999999999787e-01 8.790000000000000036e-01 1.539999999999999980e-01
8.379999999999999671e-01 9.250000000000000444e-01 1.459999999999999909e-01
7.760000000000000231e-01 8.629999999999999893e-01 1.779999999999999916e-01
8.469999999999999751e-01 8.890000000000000124e-01 1.580000000000000016e-01
8.289999999999999591e-01 9.120000000000000329e-01 1.570000000000000007e-01
8.629999999999999893e-01 9.250000000000000444e-01 1.360000000000000098e-01
8.479999999999999760e-01 9.220000000000000417e-01 1.509999999999999953e-01
8.429999999999999716e-01 9.040000000000000258e-01 1.529999999999999971e-01
8.559999999999999831e-01 9.020000000000000240e-01 1.469999999999999918e-01
