8.439999999999999725e-01 6.700000000000000400e-01 2.119999999999999940e-01
8.980000000000000204e-01 9.060000000000000275e-01 1.559999999999999998e-01
7.600000000000000089e-01 5.070000000000000062e-01 2.280000000000000082e-01
6.670000000000000373e-01 8.639999999999999902e-01 1.890000000000000013e-01
8.189999999999999503e-01 8.930000000000000160e-01 1.660000000000000087e-01
8.900000000000000133e-01 8.529999999999999805e-01 1.670000000000000095e-01
9.090000000000000302e-01 8.880000000000000115e-01 1.370000000000000107e-01
8.790000000000000036e-01 8.990000000000000213e-01 1.630000000000000060e-01
8.679999999999999938e-01 8.579999999999999849e-01 1.839999999999999969e-01
8.860000000000000098e-01 8.860000000000000098e-01 1.600000000000000033e-01
