8.760000000000000009e-01 9.310000000000000497e-01 1.479999999999999927e-01
8.810000000000000053e-01 9.350000000000000533e-01 1.409999999999999865e-01
8.830000000000000071e-01 9.350000000000000533e-01 1.409999999999999865e-01
8.810000000000000053e-01 9.350000000000000533e-01 1.409999999999999865e-01
8.780000000000000027e-01 9.320000000000000506e-01 1.429999999999999882e-01
8.770000000000000018e-01 9.310000000000000497e-01 1.449999999999999900e-01
8.870000000000000107e-01 9.370000000000000551e-01 1.370000000000000107e-01
8.790000000000000036e-01 9.320000000000000506e-01 1.409999999999999865e-01
8.860000000000000098e-01 9.379999999999999449e-01 1.390000000000000124e-01
8.840000000000000080e-01 9.350000000000000533e-01 1.400000000000000133e-01
