8.709999999999999964e-01 9.360000000000000542e-01 1.380000000000000115e-01
8.920000000000000151e-01 9.529999999999999583e-01 1.380000000000000115e-01
8.729999999999999982e-01 9.260000000000000453e-01 1.469999999999999918e-01
8.840000000000000080e-01 9.310000000000000497e-01 1.459999999999999909e-01
8.729999999999999982e-01 9.220000000000000417e-01 1.559999999999999998e-01
8.629999999999999893e-01 9.150000000000000355e-01 1.529999999999999971e-01
8.930000000000000160e-01 9.509999999999999565e-01 1.300000000000000044e-01
8.459999999999999742e-01 8.980000000000000204e-01 1.690000000000000113e-01
8.760000000000000009e-01 9.230000000000000426e-01 1.509999999999999953e-01
8.659999999999999920e-01 9.290000000000000480e-01 1.469999999999999918e-01
