8.940000000000000169e-01 8.830000000000000071e-01 1.710000000000000131e-01
8.070000000000000506e-01 8.179999999999999494e-01 1.829999999999999960e-01
9.389999999999999458e-01 9.599999999999999645e-01 1.069999999999999979e-01
8.719999999999999973e-01 9.020000000000000240e-01 1.429999999999999882e-01
8.070000000000000506e-01 8.169999999999999485e-01 1.869999999999999996e-01
7.920000000000000373e-01 7.169999999999999707e-01 2.079999999999999905e-01
9.379999999999999449e-01 9.270000000000000462e-01 1.340000000000000080e-01
8.870000000000000107e-01 8.729999999999999982e-01 1.390000000000000124e-01
8.129999999999999449e-01 7.710000000000000187e-01 1.930000000000000049e-01
8.010000000000000453e-01 7.980000000000000426e-01 2.030000000000000138e-01
