8.559999999999999831e-01 9.240000000000000435e-01 1.429999999999999882e-01
8.830000000000000071e-01 9.190000000000000391e-01 1.390000000000000124e-01
8.499999999999999778e-01 9.360000000000000542e-01 1.360000000000000098e-01
8.289999999999999591e-01 9.050000000000000266e-01 1.499999999999999944e-01
8.800000000000000044e-01 9.240000000000000435e-01 1.409999999999999865e-01
8.309999999999999609e-01 9.160000000000000364e-01 1.590000000000000024e-01
8.649999999999999911e-01 9.250000000000000444e-01 1.330000000000000071e-01
8.840000000000000080e-01 9.449999999999999512e-01 1.300000000000000044e-01
8.589999999999999858e-01 9.210000000000000409e-01 1.489999999999999936e-01
8.970000000000000195e-01 9.419999999999999485e-01 1.280000000000000027e-01
