9.210000000000000409e-01 9.619999999999999662e-01 1.000000000000000056e-01
9.140000000000000346e-01 9.639999999999999680e-01 1.039999999999999952e-01
8.820000000000000062e-01 9.370000000000000551e-01 1.360000000000000098e-01
9.050000000000000266e-01 9.449999999999999512e-01 1.179999999999999938e-01
9.050000000000000266e-01 9.429999999999999494e-01 1.170000000000000068e-01
8.509999999999999787e-01 9.000000000000000222e-01 1.419999999999999873e-01
8.970000000000000195e-01 9.489999999999999547e-01 1.089999999999999997e-01
8.689999999999999947e-01 9.130000000000000338e-01 1.419999999999999873e-01
8.860000000000000098e-01 9.330000000000000515e-01 1.310000000000000053e-01
8.940000000000000169e-01 9.449999999999999512e-01 1.179999999999999938e-01
