8.940000000000000169e-01 9.439999999999999503e-01 1.110000000000000014e-01
9.060000000000000275e-01 9.559999999999999609e-01 1.059999999999999970e-01
8.729999999999999982e-01 9.180000000000000382e-01 1.300000000000000044e-01
9.120000000000000329e-01 9.459999999999999520e-01 1.140000000000000041e-01
8.860000000000000098e-01 9.240000000000000435e-01 1.290000000000000036e-01
8.689999999999999947e-01 9.100000000000000311e-01 1.330000000000000071e-01
9.090000000000000302e-01 9.559999999999999609e-01 1.059999999999999970e-01
8.619999999999999885e-01 9.020000000000000240e-01 1.449999999999999900e-01
8.790000000000000036e-01 9.210000000000000409e-01 1.310000000000000053e-01
8.860000000000000098e-01 9.360000000000000542e-01 1.209999999999999964e-01
