7.680000000000000160e-01 5.090000000000000080e-01 2.340000000000000135e-01
5.000000000000000000e-01 5.699999999999999512e-01 4.299999999999999933e-01
nan nan nan
5.540000000000000480e-01 7.730000000000000204e-01 6.500000000000000222e-01
5.160000000000000142e-01 6.919999999999999485e-01 3.489999999999999769e-01
5.000000000000000000e-01 4.400000000000000022e-01 4.400000000000000022e-01
5.000000000000000000e-01 4.699999999999999734e-01 4.699999999999999734e-01
5.000000000000000000e-01 5.600000000000000533e-01 4.400000000000000022e-01
4.909999999999999920e-01 4.949999999999999956e-01 5.000000000000000000e-01
5.000000000000000000e-01 4.899999999999999911e-01 4.899999999999999911e-01
