8.080000000000000515e-01 8.040000000000000480e-01 2.049999999999999878e-01
7.129999999999999671e-01 7.750000000000000222e-01 2.580000000000000071e-01
8.499999999999999778e-01 8.609999999999999876e-01 1.469999999999999918e-01
6.850000000000000533e-01 6.760000000000000453e-01 2.670000000000000151e-01
7.029999999999999583e-01 6.750000000000000444e-01 2.849999999999999756e-01
5.540000000000000480e-01 4.229999999999999871e-01 3.689999999999999947e-01
9.320000000000000506e-01 9.060000000000000275e-01 1.029999999999999943e-01
6.640000000000000346e-01 6.730000000000000426e-01 2.710000000000000187e-01
7.950000000000000400e-01 7.950000000000000400e-01 1.910000000000000031e-01
6.969999999999999529e-01 6.570000000000000284e-01 2.550000000000000044e-01
